function dct_block = DeQuant8x8(quant_block, qScale)
%  Function Name : DeQuant8x8.m
%  Input         : quant_block  (Quantized Block, 8x8x3)
%                  qScale       (Quantization Parameter, scalar)
%
%  Output        : dct_block    (Dequantized DCT coefficients, 8x8x3)

    L = qScale*[16, 11, 10, 16, 24, 40, 51, 61;
        12, 12, 14, 19, 26, 58, 60, 55;
        14, 13, 16, 24, 40, 57, 69, 56;
        14, 17, 22, 29, 51, 87, 80, 62;
        18, 55, 37, 56, 68, 109, 103, 77;
        24, 35, 55, 64, 81, 104, 113, 92;
        49, 64, 78, 87, 103, 121, 120, 101;
        72, 92, 95, 98, 112, 100, 103, 99];
% L = qScale*0.5*[8.0000   12.2076   14.1108   16.7170   20.5041   26.5097   37.4903   64.0000;
%    12.2076   18.6282   21.5324   25.5094   31.2883   40.4524   57.2083   97.6607;
%    14.1108   21.5324   24.8893   29.4864   36.1662   46.7591   66.1273  112.8864;
%    16.7170   25.5094   29.4864   34.9325   42.8461   55.3954   78.3410  133.7364;
%    20.5041   31.2883   36.1662   42.8461   52.5525   67.9448   96.0884  164.0331;
%    26.5097   40.4524   46.7591   55.3954   67.9448   87.8453  124.2320  212.0773;
%    37.4903   57.2083   66.1273   78.3410   96.0884  124.2320  175.6906  299.9227;
%    64.0000   97.6607  112.8864  133.7364  164.0331  212.0773  299.9227  512.0000];
    
    
    C =  qScale*[17, 18, 24, 47, 99, 99, 99, 99;
        18, 21, 26, 66, 99, 99, 99, 99;
        24, 13, 56, 99, 99, 99, 99, 99;
        47, 66, 99, 99, 99, 99, 99, 99;
        99, 99, 99, 99, 99, 99, 99, 99;
        99, 99, 99, 99, 99, 99, 99, 99;
        99, 99, 99, 99, 99, 99, 99, 99;
        99, 99, 99, 99, 99, 99, 99, 99; ];
    
     dct_block = zeros(size(quant_block));
     dct_block(:, :, 1) = (quant_block(:, :, 1) .* L);
     dct_block(:, :, 2) = (quant_block(:, :, 2) .* C);
     dct_block(:, :, 3) = (quant_block(:, :, 3) .* C);
end